<?xml version="1.0"?>
<opencv_storage>
<bn1_mean>
  2.0256479999999999e+02 1.9079552500000000e+02 1.7540780000000001e+02</bn1_mean>
<bn1_dev>
  4.9905814926319003e+01 3.7338642549969251e+01 7.5380026775399841e+01</bn1_dev>
<bn2_mean>
  1.6135125184094255e+02 1.0132426461807906e+02 4.5483282251323487e+01</bn2_mean>
<bn2_dev>
  2.8303481882249510e+01 3.6302927630744890e+01 3.9106053682817155e+01</bn2_dev>
<bn3_mean>
  1.5815089603892545e+02 1.4758451977110747e+02 9.4468488726699562e+01</bn3_mean>
<bn3_dev>
  3.9625004644335547e+01 3.9276759110749140e+01 4.7041730075956032e+01</bn3_dev>
</opencv_storage>
